ABCDEFGHIJ
2120221222
2220122222
2112022121
2020022221
2210022222
2020222221
2020222220
2020222220
2020222221
2022222220
0200201002
1000010000
2020220200
2022222220
2121121111
1020222222
1011111211
2011020101
2021121221
1011111101
2001121111
1121111221
1200200222
2020022222
1110221112
2222222222
2121222222
2000222000
2020222122
2222200220
2011222210
2212121112
0002002220
2220222222
1020111111
2202121112
2012021222
2202020001
1012010111
2000220000
2000011111
2221221221
1001011010
1211111111
2222212222
2101011011
1000101110
2222222222
0201000000
2010120000
2020122201
2221222221
1211011011
1000001200
2022221221
2021222221
2002222020
2120222220
2020221120
1012210200
2011222221
0020200222
1211022111
1000010001
0202200000
2220222220
2020000200
1201021121
1020112012
1010010200
2022222202
0100000111
0200000010
1000011001
1010010111
2011121111
1010110111
1010010010
2000020200
1000100210
2201012101
2022120210
2010001101
2020121122
2212222222
2010222121
2001011120
2010122121
2200122210
2012021220
1001100110
2221222222
2222222220
2022222222
2022121211
2221222221
2000221111
0111122222
2010122110
2011021121
2122222221
0110021121
0000110012
2222222220
2111211222
2120122111
2212121211
2220122220
2111111101
1001111121
2011011111
1010111121
2110122211
1210212222
1100010111
1022020200
2222222220
2000020000
2000011000
1000011100
2001210222
2002220000
2002011001
1001010012
1012111110
2120222200
2121200221
1011122111
2020021211
2110011121
2112021121
2010010101
2020122112
2010221220
1112012120
1000000000
2020021020
1010010001
2111121121
1100000000
2111022111
2021020002
2222222202
2222222222
1112121010
2000010200
1111011110
0000010000
2222222212
2020222002
2222222210
2111102112
2211222111
1100000200
2012002222
1021211211
2000011210
2000001000
2221222222
2000221110
2010111111
2000010000
2110111111
1111111110
0222202222
2021222221
2110021121
2001021112
2122022222
1010110000
2010020020
1000100011
2022211212
2222222222
1011100012
1001020200
2000020121
1000210000
2012121001
2121222221
1021211121
2022222222
2221121222
2112111100
1002001111
2122222221
2101010122
2112222222
2001110111
2020211110
2022222222
1000210120
2020222220
2020222222
1001010000
2020020000
2000011010
2010121210
2002220221
2222222222
2021211221
2221222221
1001011011
1010211110
0001000010
2020022220
2010221211
2020122211
2121122221
1020010111
2002101001
2122122222
2011011111
2222202222
2211022211
2221222222
2122022121
2211122220
2001110010
2221222221
2220222221
2022022221
1002010020
2120221101
1120011120
1000000000
2111221221
1012110120
2020222220
2120122222
1000201121
2120012221
2212202121
2221222222
2121222220
2221221210
2020212220
2001121222
2111221221
2011121111
2222222221
2011211210
2222222222
2020222221
2020221211
2120222221
2122222222
2220222221
2122222222
2211211122
2121222221
2021022220
2111122210
1002210121
2222222222
2222222222
2222222212
1001010020
1000010000
1222210212
2001011111
2111222121
2011120121
2011000110
2122122210
2111121101
1021120111
2221122222
2021221221
0100100102
2222222222
1211100101
2000011220
1000210110
2021121222
2121222221
2011122111
2022222220
2110211101
2122222221
2012111121
2111222212
2222222221
2102010020
1112222212
2022021120
2011211210
2121012221
2110121221
2120222221
2011221221
2122222222
2222222222
0000100010
1010100101
2222120122
2221222221
2211121111
2021122121
2221121111
0110011111
2000000000
2122122222
0222222222
2202200000
2221210212
2111011111
2011221022
2101221111
2121121221
1021211020
2120222222
2111121110
2001120011
2012021111
1000000111
2221222221
2111222121
2121021221
1121211212
1000000110
2000220220
2112121221
2220221221
2011121111
2111121121
2221222222
2012122221
2111111211
2010011110
2221221221
2121222220
2022222220
2111221220
2111021221
1210121120
2010221121
2011111200
2121122211
2222221122
2011211121
2221122211
2221222211
1021111220
2121221220
2011221211
1112111111
2000010001
2120121221
2222222220
2222222222
1100011001
1000001111
1000011121
2122121121
2202201022
1000110202
1010010211
2110221210
2022222200
2011211121
2121121111
2021222111
2020020201
2110211221
2022111220
2222222222
2121222220
2222222222
2021121112
2121111110
2212122222
2221221211
1010101010
1011011101
2222212212
2220221221
2001110120
2120012221
2020120110
2010220020
2112021221
2220122220
2020011211
2121122221
2221212202
2022222220
2121222220
0022220220
2012121212
2222220222
2221222201
2020022200
2011021111
2011121211
2011221111
1021221121
2220222221
2221222221
2220212212
2010221200
2122222220
2121222120
2002120000
1001211111
2001211010
1001100021
2021122221
2111111111
2221222220
2211221222
2011221220
2011111021
2022221221
2112211220
2010211111
2002121020
2011111110
2122222222
2111220212
2122222221
2122222221
2022220022
1000120100
2202222222
2221222222
2120222222
2022112211
2011121111
2010211110
2221222221
2222222222
2221220221
0021221220
